Gofer Version 2.30a
Modifications for pugofer Rusi Mody
Copyright (c) Mark P Jones 1991-1994
Copyright (c) Rusi Mody 1995-2015

Gofer session for:
/home/rusi/gofer/src/pustd.pre
? 
ERROR "/home/rusi/winter19/sieve.gs" (line 1): Syntax error in expression (unexpected token)
? 3 `mod` 5
3 : Int
? 3 `mod` 2
1 : Int
? 
Gofer session for:
/home/rusi/gofer/src/pustd.pre
/home/rusi/winter19/sieve.gs
? filterm.[2...20]
[3, 5, 7, 9, 11, 13, 15, 17, 19] : [Int]
? 
Gofer session for:
/home/rusi/gofer/src/pustd.pre
/home/rusi/winter19/sieve.gs
? take.100.(sieve.[2...])
[2, 3, 5, 7, 11, 13, 17, 19, 23, 29, 31, 37, 41, 43, 47, 53, 59, 61, 67, 71, 73, 79, 83, 89, 97, 101, 103, 107, 109, 113, 127, 131, 137, 139, 149, 151, 157, 163, 167, 173, 179, 181, 191, 193, 197, 199, 211, 223, 227, 229, 233, 239, 241, 251, 257, 263, 269, 271, 277, 281, 283, 293, 307, 311, 313, 317, 331, 337, 347, 349, 353, 359, 367, 373, 379, 383, 389, 397, 401, 409, 419, 421, 431, 433, 439, 443, 449, 457, 461, 463, 467, 479, 487, 491, 499, 503, 509, 521, 523, 541] : [Int]
? 
Gofer session for:
/home/rusi/gofer/src/pustd.pre
/home/rusi/winter19/sieve.gs
? take.100.(sieve'.[2...])
[2, 3, 5, 7, 11, 13, 17, 19, 23, 29, 31, 37, 41, 43, 47, 53, 59, 61, 67, 71, 73, 79, 83, 89, 97, 101, 103, 107, 109, 113, 127, 131, 137, 139, 149, 151, 157, 163, 167, 173, 179, 181, 191, 193, 197, 199, 211, 223, 227, 229, 233, 239, 241, 251, 257, 263, 269, 271, 277, 281, 283, 293, 307, 311, 313, 317, 331, 337, 347, 349, 353, 359, 367, 373, 379, 383, 389, 397, 401, 409, 419, 421, 431, 433, 439, 443, 449, 457, 461, 463, 467, 479, 487, 491, 499, 503, 509, 521, 523, 541] : [Int]
? take.100.(sieve'.[1...])
[1take.100.(sieve'.[2...])  C-c C-c{Interrupted!}


? take.100.(sieve'.[2...100])
[2, 3, 5, 7, 11, 13, 17, 19, 23, 29, 31, 37, 41, 43, 47, 53, 59, 61, 67, 71, 73, 79, 83, 89, 97
Program error: {sieve'.[]}

? zip.[1,2,3].[10...]
[(1,10), (2,11), (3,12)] : [(Int,Int)]
? zipWith
zipWith : (a -> b -> c) -> [a] -> [b] -> [c]
? zipWith.(+).[1,2,3].[10...]
[11, 13, 15] : [Int]
? 
ERROR "/home/rusi/winter19/sieve.gs" (line 4): Syntax error in input (unexpected backslash (lambda))
? 
Gofer session for:
/home/rusi/gofer/src/pustd.pre
/home/rusi/winter19/sieve.gs
? take.100.fibs
[1, 2, 3, 5, 8, 13, 21, 34, 55, 89, 144, 233, 377, 610, 987, 1597, 2584, 4181, 6765, 10946, 17711, 28657, 46368, 75025, 121393, 196418, 317811, 514229, 832040, 1346269, 2178309, 3524578, 5702887, 9227465, 14930352, 24157817, 39088169, 63245986, 102334155, 165580141, 267914296, 433494437, 701408733, 1134903170, 1836311903, -1323752223, 512559680, -811192543, -298632863, -1109825406, -1408458269, 1776683621, 368225352, 2144908973, -1781832971, 363076002, -1418756969, -1055680967, 1820529360, 764848393, -1709589543, -944741150, 1640636603, 695895453, -1958435240, -1262539787, 1073992269, -188547518, 885444751, 696897233, 1582341984, -2015728079, -433386095, 1845853122, 1412467027, -1036647147, 375819880, -660827267, -285007387, -945834654, -1230842041, 2118290601, 887448560, -1289228135, -401779575, -1691007710, -2092787285, 511172301, -1581614984, -1070442683, 1642909629, 572466946, -2079590721, -1507123775, 708252800, -798870975, -90618175, -889489150, -980107325, -1869596475] : [Int]
? take.20.fibs
[1, 2, 3, 5, 8, 13, 21, 34, 55, 89, 144, 233, 377, 610, 987, 1597, 2584, 4181, 6765, 10946] : [Int]
? 